0 0
0.1 0
0.2 0
0.3 0
0.4 0
0.5 0
0.6 3.93989e-297
0.7 2.41779e-271
0.8 2.30464e-250
0.9 4.66678e-233
1 1.19756e-218
1.1 1.39213e-206
1.2 1.87779e-196
1.3 6.00353e-188
1.4 7.92667e-181
1.5 6.71198e-175
1.6 5.19738e-170
1.7 4.91964e-166
1.8 7.23948e-163
1.9 2.02565e-160
2 1.2779e-158
2.1 2.10214e-157
2.2 1.02185e-156
2.3 1.63593e-156
2.4 9.48121e-157
2.5 2.16133e-157
2.6 2.08513e-158
2.7 9.08438e-160
2.8 1.89377e-161
2.9 1.98929e-163
3 1.10305e-165
3.1 3.36682e-168
3.2 5.87541e-171
3.3 6.06729e-174
3.4 3.82557e-177
3.5 1.51554e-180
3.6 3.87239e-184
3.7 6.53689e-188
3.8 7.45325e-192
3.9 5.85811e-196
4 3.23436e-200
4.1 1.27648e-204
4.2 3.65982e-209
4.3 7.73857e-214
4.4 1.22376e-218
4.5 1.46635e-223
4.6 1.34767e-228
4.7 9.60918e-234
4.8 5.37267e-239
4.9 2.3793e-244
5 8.42474e-250
5.1 2.40634e-255
5.2 5.59085e-261
5.3 1.06496e-266
5.4 1.67552e-272
5.5 2.19267e-278
5.6 2.40264e-284
5.7 2.21833e-290
5.8 1.73608e-296
5.9 1.15818e-302
6 6.62181e-309
